79523926
98531283
14224645
10213673
17173471
79800303
19050422
19121511
19195180
17044748
17163043
6748775
11295059
19102012
2939126
17180206
19223283
19158869
17160880
19081364
13813881
19144751
19454266
79524306
41602734
13802524
17136142
19096604
78711645
2034462
79282962
13950367
79590502
19196175
19164420
216240
17160365
19164577
2887689
17040018
17069684
19192139
19181243
40014329
19108024
3175622
19092415
19137099
19062201
19123173
41690819
19160789
17156844
19206419
2922666
79472540
19173635
71677200
17136801
19150508
17075609
2908208
17149594
14198601
27088740
17041772
19194761
17056306
19393079
19188729
91283651
79671420
75076725
19452112
79795965
13488639
52913167
79113090
5848661
17177343
17057687
17185265
19136869
12105821
19087848
19127126
19057024
17304916
19090408
19120878
19097965
19180721
19188754
19224261
19209186
19187789
19122982
19164550
19272849
19138485
19284274
3021756
19216550
3020624
17075194
19332042
16665888
19339452
19195584
19395716
79101100
19258832
19372331
19350089
19289601
19436030
79295983
5892573
19455317
19335150
19352227
6761711
19449931
51815362
19098650
19409077
79297170
79300115
1032451223
80414207
9519711
3010227
7304244
19260431
51738939
79421155
19366171
19413375
19416613
79354433
79365032
93372097
19137117
79436297
79504981
17343931
19221221
79357694
183178
19290345
19297600
79518953
79520636
79594683
19263305
11253571
79295396
16635986
51895607
79531664
51799554
79497410
80413250
93337474
11433028
79580032
19079511
9521464
79452376
51754857
79346619
79650242
52221478
79597401
79601013
17103868
79057024
79425393
79596010
79641736
79505661
79508767
91068411
12240227
79647908
51775132
79113041
79647661
79491089
80384848
46371959
91069492
19397351
19203674
79395664
79756570
52055373
13837546
19258382
52202653
79279329
79297152
79789564
19439517
79456915
79698866
79616246
79801900
79620164
79124642
14894713
51903175
79788871
16267500
79888662
93400170
2988895
75076124
79758393
79851773
88218486
91489688
19264199
74181503
79568554
79602747
80394287
19278557
79661442
79707872
51703016
79559996
5946402
12966684
19488323
70631613
79515764
51909836
52210403
79671319
19476005
7164599
79572777
88198070
19278971
19288669
19314521
19405056
19480048
51921760
79544111
328135
35498777
51873630
79148444
91269814
52176126
98581351
79601784
79858766
18497666
52176853
94432342
79863454
79746890
79946926
52029483
79792435
338288
79704151
79695545
79570217
15920734
80011498
79906514
79791985
52389844
79794060
79532996
2986578
15050830
16737949
52392511
52422560
79791198
80093506
80093810
98337913
79614908
7223818
9522900
80266825
98400176
15813899
79951707
19420566
37713090
43157544
88238024
79937875
9871452
19484811
23582571
79966050
80059610
79577777
79961009
79801610
79239143
79892283
79139574
75078008
79532176
79852554
80020636
79209415
80000489
80191774
79757249
79987300
80097281
1085250526
6773087
7162583
35500902
79791849
79755516
79877511
79746457
52438142
80203081
16075508
13743876
13871751
52260993
97612342
1032430404
79649779
52521649
71373155
74370991
79975976
1013582976
1113036624
80008309
80374502
80189824
88255518
1032439556
43165886
79903839
52930319
79685682
79445942
1032362185
77171744
